Task: General
Validate: True
Cyclic: False
StartDepot: 0

DistanceFunction: Matrix
TimeLimit: 10000
ResourceChangeover: Off
UseMIPprecedenceSolver: True
UseShortcutInAlternatives: False

ConfigMatrix:
0;1;2;3;4;5;6;7;8;9;10;11;12;13;14;15;16;17;18;19;20;21;22;23;24;25;26;27
#------------------------------------------------------------------------
0;1;2;3;4;5;6;7;8;9;10;11;12;13;14;15;16;17;18;19;20;21;22;23;24;25;26;27
0;1;2;3;4;5;6;7;8;9;10;11;12;13;14;15;16;17;18;19;20;21;22;23;24;25;26;27
0;1;2;3;4;5;6;7;8;9;10;11;12;13;14;15;16;17;18;19;20;21;22;23;24;25;26;27
0;1;2;3;4;5;6;7;8;9;10;11;12;13;14;15;16;17;18;19;20;21;22;23;24;25;26;27
0;1;2;3;4;5;6;7;8;9;10;11;12;13;14;15;16;17;18;19;20;21;22;23;24;25;26;27
0;1;2;3;4;5;6;7;8;9;10;11;12;13;14;15;16;17;18;19;20;21;22;23;24;25;26;27
0;1;2;3;4;5;6;7;8;9;10;11;12;13;14;15;16;17;18;19;20;21;22;23;24;25;26;27
0;1;2;3;4;5;6;7;8;9;10;11;12;13;14;15;16;17;18;19;20;21;22;23;24;25;26;27
0;1;2;3;4;5;6;7;8;9;10;11;12;13;14;15;16;17;18;19;20;21;22;23;24;25;26;27
0;1;2;3;4;5;6;7;8;9;10;11;12;13;14;15;16;17;18;19;20;21;22;23;24;25;26;27
0;1;2;3;4;5;6;7;8;9;10;11;12;13;14;15;16;17;18;19;20;21;22;23;24;25;26;27
0;1;2;3;4;5;6;7;8;9;10;11;12;13;14;15;16;17;18;19;20;21;22;23;24;25;26;27
0;1;2;3;4;5;6;7;8;9;10;11;12;13;14;15;16;17;18;19;20;21;22;23;24;25;26;27
0;1;2;3;4;5;6;7;8;9;10;11;12;13;14;15;16;17;18;19;20;21;22;23;24;25;26;27
0;1;2;3;4;5;6;7;8;9;10;11;12;13;14;15;16;17;18;19;20;21;22;23;24;25;26;27
0;1;2;3;4;5;6;7;8;9;10;11;12;13;14;15;16;17;18;19;20;21;22;23;24;25;26;27
0;1;2;3;4;5;6;7;8;9;10;11;12;13;14;15;16;17;18;19;20;21;22;23;24;25;26;27
0;1;2;3;4;5;6;7;8;9;10;11;12;13;14;15;16;17;18;19;20;21;22;23;24;25;26;27
0;1;2;3;4;5;6;7;8;9;10;11;12;13;14;15;16;17;18;19;20;21;22;23;24;25;26;27
0;1;2;3;4;5;6;7;8;9;10;11;12;13;14;15;16;17;18;19;20;21;22;23;24;25;26;27
0;1;2;3;4;5;6;7;8;9;10;11;12;13;14;15;16;17;18;19;20;21;22;23;24;25;26;27
0;1;2;3;4;5;6;7;8;9;10;11;12;13;14;15;16;17;18;19;20;21;22;23;24;25;26;27
0;1;2;3;4;5;6;7;8;9;10;11;12;13;14;15;16;17;18;19;20;21;22;23;24;25;26;27
0;1;2;3;4;5;6;7;8;9;10;11;12;13;14;15;16;17;18;19;20;21;22;23;24;25;26;27
0;1;2;3;4;5;6;7;8;9;10;11;12;13;14;15;16;17;18;19;20;21;22;23;24;25;26;27
0;1;2;3;4;5;6;7;8;9;10;11;12;13;14;15;16;17;18;19;20;21;22;23;24;25;26;27
0;1;2;3;4;5;6;7;8;9;10;11;12;13;14;15;16;17;18;19;20;21;22;23;24;25;26;27
0;1;2;3;4;5;6;7;8;9;10;11;12;13;14;15;16;17;18;19;20;21;22;23;24;25;26;27


ProcessHierarchy:
#-----------+----------------+---------+---------------------+------------------+------------------------+---------------------------+
# ProcessID | AlternativeID  |  TaskID |       MotionID      |    ConfigID      |Bidirectional [optional]|    MotionName[optional]   | 
#-----------+----------------+---------+---------------------+------------------+------------------------+---------------------------+
#   <int>   |      <int>     |  <int>  |         <int>       |      int[]       |       True/False       |         True/False        |
#-----------+----------------+---------+---------------------+------------------+------------------------+---------------------------+
#P1-A1
1;	0;	40;	0;	[0]
1;	0;	41;	1;	[1]
1;	0;	42;	2;	[2]
1;	0;	43;	3;	[3]
#-------------
#P2-A1
2;	1;	50;	4;	[4]
2;	1;	51;	5;	[5]
2;	1;	51;	6;	[6]
2;	1;	52;	7;	[7]
2;	1;	52;	8;	[8]
2;	1;	52;	9;	[9]
2;	1;	53;	10;	[10]
#P2-A2
2;	2;	61;	11;	[11]
2;	2;	61;	12;	[12]
2;	2;	62;	13;	[13]
2;	2;	62;	14;	[14]
2;	2;	63;	15;	[15]
2;	2;	63;	16;	[16]
#P2-A3
2;	3;	64;	17;	[17]
#-------------
#P3-A1	#P3-A1
3;	4;	70;	18;	[18]
3;	4;	70;	19;	[19]
3;	4;	70;	20;	[20]
3;	4;	70;	21;	[21]
#P3-A2          
3;	5;	71;	22;	[22]
3;	5;	71;	23;	[23]
3;	5;	71;	24;	[24]
3;	5;	72;	25;	[25]
3;	5;	72;	26;	[26]
3;	5;	72;	27;	[27]


ProcessPrecedence:
#+-------------------------+----------------------+
#| Predecessor (ProcessID) | Successor(ProcessID) |
#+-------------------------+----------------------+
#|          <int>          |         <int>        |
#+-------------------------+----------------------+

MotionPrecedence:
#+-----------------------+----------------------+
#| Predecessor(MotionID) | Successor (MotionID) |
#+-----------------------+----------------------+
#|         <int>         |       <int>          |
#+-----------------------+----------------------+

OverrideCost:
#+-----------------+---------------+----------+-----------------------+
#| From (ConfigID) | To (ConfigID) |   Cost   |Bidirectional[optional]|
#+-----------------+---------------+----------+-----------------------+
#|      <int>      |     <int>     | <double> |        <bool>         |
#+-----------------+---------------+----------+-----------------------+