Task: General
DistanceFunction: Euclidian
TimeLimit: 60000
Cyclic: False
#StartDepot: 1
#FinishDepot: 218
IdlePenalty: 100
BidirectionMotionDefault: True
ResourceChangeover: Off
#LocalSearchStrategie: GuidedLocalSearch


#Hierarchy-----------------------------
ConfigList:
#+----------+---------------------+------------------+----------------------+
#| ConfigID |       Config        |  Name[optional]  | ResourceID[optional] |
#+----------+---------------------+------------------+----------------------+
#|  <int>   | <double[Dimension]> |     <string>     |         <int>        |
#+----------+---------------------+------------------+----------------------+
1;[-0.386213592;-111.6157282]
2;[-0.386213592;-88.82912621]
3;[-0.386213592;-88.82912621]
4;[-0.54578166;-84.75264505]
5;[-0.441307536;-81.60369284]
6;[0.386213592;-78.78757282]
7;[25.87631068;-93.84990291]
8;[-26.64873786;-93.84990291]
9;[-8.496699029;-83.31360764]
10;[-0.783247011;-78.31909672]
11;[-0.386213592;-71.83572816]
12;[-0.386213592;-56.77339806]
13;[-0.386213592;-1.931067961]
14;[-0.386213592;12.74504854]
15;[0.010819827;19.27012294]
16;[7.338058252;24.0997258]
17;[26.26252427;35.14543689]
18;[-43.25592233;-84.96699029]
19;[-43.25592233;-62.95281553]
20;[-43.71126259;-54.15216542]
21;[-51.36640777;-49.27274186]
22;[-69.90466019;-38.62135922]
23;[42.48349515;-84.5807767]
24;[42.48349515;-63.72524272]
25;[43.25592233;-54.06990291]
26;[71.06330097;-70.29087379]
27;[-71.44951456;-70.29087379]
28;[-71.44951456;-70.29087379]
29;[-66.24235284;-66.88622389]
30;[-63.55396558;-65.16741179]
31;[-60.82155711;-63.46086754]
32;[-58.05451473;-61.78403559]
33;[-55.26222574;-60.1543604]
34;[-52.45407742;-58.58928644]
35;[-49.63945708;-57.10625817]
36;[-46.82775202;-55.72272003]
37;[-44.02834951;-54.4561165]
38;[42.86970874;-54.4561165]
39;[32.05572816;-47.65759987]
40;[-0.386213592;-28.57980583]
41;[-0.386213592;-28.57980583]
42;[-4.314783438;-31.57140118]
43;[-8.445349971;-34.31416909]
44;[-12.73203118;-36.86453771]
45;[-17.12894507;-39.2789352]
46;[-21.59020964;-41.61378971]
47;[-26.06994286;-43.92552939]
48;[-30.52226275;-46.27058239]
49;[-34.90128729;-48.70537688]
50;[-39.16113449;-51.286341]
51;[-43.25592233;-54.06990291]
52;[-43.25592233;-54.06990291]
53;[43.25592233;-53.68368932]
54;[69.5184466;-38.62135922]
55;[-42.48349515;26.26252427]
56;[-42.48349515;26.26252427]
57;[-42.08132016;22.08940268]
58;[-41.98621384;17.82095742]
59;[-42.07311652;13.51489821]
60;[-42.21696854;9.22893473]
61;[-42.29271025;5.020776699]
62;[-42.29271025;5.020776699]
63;[-42.29271025;5.020776699]
64;[-42.46805537;1.469820687]
65;[-42.35776159;-2.245082996]
66;[-41.89722084;-3.845529021]
67;[-41.89722084;-3.845529021]
68;[-39.24000381;-6.299753371]
69;[-37.07650485;-7.446586535]
70;[-37.07650485;-7.446586535]
71;[-33.71013603;-9.390679717]
72;[-30.3579068;-11.35821692]
73;[-27.00017347;-13.31653817]
74;[-25.87631068;-13.961619]
75;[-25.87631068;-13.961619]
76;[-22.23677862;-16.05154135]
77;[-18.60518505;-18.15618431]
78;[-14.97815364;-20.26922573]
79;[-11.35230802;-22.38434342]
80;[-7.724271845;-24.49521521]
81;[-7.724271845;-24.49521521]
82;[-7.724271845;-24.49521521]
83;[-4.95880639;-26.33257678]
84;[-1.865432017;-28.03482997]
85;[-0.386213592;-28.35464028]
86;[-0.386213592;-28.35464028]
87;[2.725844546;-27.49451456]
88;[6.121052455;-25.46537404]
89;[9.193704785;-23.36832447]
90;[10.0415534;-22.84453162]
91;[10.0415534;-22.84453162]
92;[14.37574492;-20.34374044]
93;[18.70176146;-17.82823033]
94;[23.02347835;-15.30506345]
95;[27.34477094;-12.78130199]
96;[31.66951456;-10.26400809]
97;[31.66951456;-10.26400809]
98;[31.66951456;-10.26400809]
99;[34.36700171;-8.492161774]
100;[37.35083493;-6.533679814]
101;[40.36074267;-5.127912783]
102;[41.32485437;-4.909938301]
103;[41.32485437;-4.909938301]
104;[44.4819917;-5.766382594]
105;[47.7242484;-7.81157422]
106;[49.04912621;-8.659291086]
107;[49.04912621;-8.659291086]
108;[52.81010208;-10.82330741]
109;[56.57729207;-12.99103275]
110;[60.35644073;-15.14188878]
111;[64.1532926;-17.25529717]
112;[67.97359223;-19.31067961]
113;[67.97359223;-19.31067961]
114;[-68.74601942;-19.31067961]
115;[-54.4561165;-11.36278623]
116;[-42.09728155;-3.862135922]
117;[-71.44951456;12.74504854]
118;[-42.48349515;-4.248349515]
119;[42.09728155;-4.248349515]
120;[41.71106796;5.406990291]
121;[41.71106796;26.26252427]
122;[42.48349515;-3.862135922]
123;[71.06330097;12.74504854]
124;[-26.64873786;35.14543689]
125;[-26.64873786;35.14543689]
126;[-21.73529384;31.88715347]
127;[-16.55091571;28.52320121]
128;[-13.88881501;26.87302975]
129;[-11.19700716;25.28215765]
130;[-8.488167631;23.77915712]
131;[-3.070095386;21.1510595]
132;[-0.386213592;20.0831068]
133;[-0.386213592;53.68368932]
134;[-158.7337864;84.19456311]
135;[-158.7337864;84.5807767]
136;[-151.7819417;84.19456311]
137;[-151.7819417;84.5807767]
138;[-157.9613592;89.41964359]
139;[-157.9613592;89.41964359]
140;[-154.3831293;89.22751112]
141;[-151.3960378;90.26053279]
142;[-147.3468205;94.94853707]
143;[-146.3604698;98.07676894]
144;[-146.1168076;101.3766535]
145;[-146.6537217;104.5848153]
146;[-148.0090994;107.437879]
147;[-150.2208284;109.6724693]
148;[-153.3267961;111.0252108]
149;[-153.3267961;111.0252108]
150;[-153.3267961;111.0252108]
151;[-156.9140151;111.2192622]
152;[-159.8912655;110.1839142]
153;[-163.8895592;105.48425]
154;[-164.8474518;102.3495485]
155;[-165.0690744;99.04467732]
156;[-164.5228519;95.83444382]
157;[-163.1772087;92.98365543]
158;[-161.0005696;90.75711955]
159;[-157.9613592;89.41964359]
160;[-157.9613592;89.41964359]
161;[-124.3607767;89.21533981]
162;[-124.2908721;103.1190291]
163;[-125.1332039;111.6157282]
164;[-116.2502913;89.21533981]
165;[-116.0876992;105.0500971]
166;[-115.2449785;110.4462676]
167;[-104.6638835;110.843301]
168;[-99.6431068;89.21533981]
169;[-99.6431068;110.843301]
170;[-78.01514563;110.4570874]
171;[-78.01514563;110.4570874]
172;[-81.41508096;111.2550538]
173;[-85.00811836;111.1518306]
174;[-88.27326411;109.9179863]
175;[-89.1987329;109.215801]
176;[-89.1987329;109.215801]
177;[-91.74529191;105.5128641]
178;[-92.66923561;100.9506039]
179;[-92.01258962;96.2933724]
180;[-89.81737957;92.30552188]
181;[-86.12563107;89.75140446]
182;[-86.12563107;89.75140446]
183;[-86.12563107;89.75140446]
184;[-82.72196444;89.20988171]
185;[-79.32526775;89.61759805]
186;[-77.62893204;89.98776699]
187;[111.2295146;110.843301]
188;[111.2295146;110.843301]
189;[107.9911118;111.1299228]
190;[104.8284797;111.1074694]
191;[101.7923504;110.2241065]
192;[100.8171876;109.6429603]
193;[100.8171876;109.6429603]
194;[98.19595296;106.6193091]
195;[96.93049546;102.5768156]
196;[96.9756553;98.18834335]
197;[98.28627263;94.12675602]
198;[100.8171876;91.06491726]
199;[100.8171876;91.06491726]
200;[100.8171876;91.06491726]
201;[104.0053509;89.56893728]
202;[107.3802365;89.31129917]
203;[110.8442977;89.7676296]
204;[112.0019417;89.98776699]
205;[190.7895146;89.21533981]
206;[190.7895146;89.21533981]
207;[190.9195282;93.17387826]
208;[191.164107;97.39853071]
209;[191.3050577;101.690846]
210;[191.1241867;105.8523728]
211;[190.403301;109.6846602]
212;[190.403301;109.6846602]
213;[185.3825243;103.5052427]
214;[176.1133981;89.6015534]
215;[-198.9;110.4570874]
216;[-198.9;95.39475728]
217;[-198.2807447;89.99858682]
218;[-188.0860194;89.6015534]
219;[-183.0652427;110.843301]
220;[-183.0652427;95.39475728]
221;[-183.0652427;95.39475728]
222;[-183.1781126;91.91850399]
223;[-182.4461436;89.99858682]
224;[-182.4461436;89.99858682]
225;[-178.5452232;89.05174931]
226;[-175.5372161;89.76680916]
227;[-171.8590336;92.29512598]
228;[-170.8056661;94.6223301]
229;[-170.8056661;94.6223301]
230;[-171.7071;97.92899206]
231;[-174.2696354;100.23548]
232;[-175.7271845;101.1879612]
233;[-169.1615534;111.6157282]
234;[-139.0368932;89.6015534]
235;[-139.0368932;110.4570874]
236;[-71.44951456;89.6015534]
237;[-71.44951456;104.2776699]
238;[-70.67708738;111.6157282]
239;[-56.38718447;89.6015534]
240;[-56.38718447;110.4570874]
241;[-37.46271845;110.843301]
242;[-47.65759987;110.4462676]
243;[-48.27669903;106.2087379]
244;[-48.27669903;94.6223301]
245;[-47.65759987;89.99858682]
246;[-37.46271845;89.6015534]
247;[-24.33145631;89.6015534]
248;[-24.33145631;89.6015534]
249;[-23.52745466;93.6107756]
250;[-22.62649378;97.91148987]
251;[-21.54821334;102.2545251]
252;[-20.212253;106.3907101]
253;[-18.53825243;110.0708738]
254;[-18.53825243;110.0708738]
255;[-11.97262136;89.6015534]
256;[-5.793203883;109.6846602]
257;[-3.253467638;103.5052427]
258;[0.386213592;89.6015534]
259;[17.37961165;110.843301]
260;[7.184742017;110.4462676]
261;[6.565631068;106.2087379]
262;[6.565631068;94.6223301]
263;[7.184742017;89.99858682]
264;[17.37961165;89.6015534]
265;[24.33145631;89.6015534]
266;[24.33145631;110.4570874]
267;[32.44194175;89.6015534]
268;[32.82815534;100.0293204]
269;[43.25592233;99.6431068]
270;[47.10723843;99.02399585]
271;[47.50427184;89.6015534]
272;[70.67708738;89.6015534]
273;[70.29087379;110.4570874]
274;[118.1813592;89.6015534]
275;[118.1813592;110.4570874]
276;[133.2436893;89.6015534]
277;[133.2436893;110.4570874]
278;[137.8782524;89.6015534]
279;[152.9405825;89.6015534]
280;[169.1615534;110.843301]
281;[169.1615534;110.843301]
282;[164.9177894;111.1286902]
283;[161.189564;111.128621]
284;[158.5804702;110.22419]
285;[158.5804702;110.22419]
286;[157.9064664;107.1476802]
287;[157.9613592;105.8225243]
288;[157.9613592;94.6223301]
289;[157.9613592;94.6223301]
290;[157.9666043;91.14763012]
291;[158.5804702;89.99858682]
292;[158.5804702;89.99858682]
293;[162.4407659;89.20045606]
294;[166.1738562;89.39927356]
295;[169.1615534;89.6015534]
296;[198.9;89.6015534]
297;[198.9;105.0500971]
298;[145.6025243;89.98776699]
299;[145.6025243;110.4570874]
300;[55.61475728;110.4570874]
301;[55.61320149;96.55339806]
302;[55.61475728;90.37398058]
303;[55.61475728;90.37398058]
304;[58.0150031;92.60721316]
305;[60.14889165;95.36490946]
306;[62.08681264;98.3963584]
307;[63.89915576;101.4508489]
308;[65.65631068;104.2776699]
309;[65.65631068;104.2776699]
310;[65.65631068;104.2776699]
311;[67.64554994;107.3209288]
312;[70.29087379;109.6846602]
313;[70.29087379;109.6846602]
314;[79.56;102.7328155]
315;[79.56;102.7328155]
316;[80.30080595;99.00258251]
317;[81.81295097;94.7462628]
318;[83.83710291;91.19110348]
319;[84.5807767;90.37398058]
320;[89.21533981;102.7328155]
321;[79.05870494;103.4117773]
322;[74.92543689;111.2295146]
323;[175.7271845;90.76019417]
324;[175.7271845;104.6638835]
325;[176.4996117;111.6157282]
326;[-138.6506796;99.6431068]
327;[-124.7469903;100.0293204]
328;[-71.06330097;99.6431068]
329;[-56.77339806;99.6431068]
330;[-47.89048544;99.6431068]
331;[-37.46271845;99.6431068]
332;[6.95184466;99.6431068]
333;[17.37961165;99.6431068]
334;[118.5675728;99.6431068]
335;[132.8574757;99.6431068]
336;[158.7337864;99.6431068]
337;[168.7753398;99.6431068]
338;[47.50427184;100.0293204]
339;[47.50427184;110.4570874]
340;[32.44194175;100.415534]
341;[32.44194175;110.4570874]
342;[-198.5137864;100.8017476]
343;[-188.8584466;100.8017476]
344;[-182.2928155;100.8017476]
345;[-175.7271845;101.1879612]
346;[89.21533981;102.7328155]
347;[93.46368932;111.2295146]
348;[-115.8640777;110.4570874]
349;[-117.0227184;111.6157282]
350;[198.5137864;110.4570874]
351;[198.9;110.4570874]

ProcessHierarchy:
#-----------+----------------+---------+---------------------+------------------+------------------------+---------------------------+
# ProcessID | AlternativeID  |  TaskID |       MotionID      |    ConfigID      |Bidirectional [optional]|    MotionName[optional]   | 
#-----------+----------------+---------+---------------------+------------------+------------------------+---------------------------+
#   <int>   |      <int>     |  <int>  |         <int>       |      int[]       |       True/False       |         True/False        |
#-----------+----------------+---------+---------------------+------------------+------------------------+---------------------------+
1;		1  ;	1;		1  ;	[1 ;	2 ]	;	Line1
2;		2  ;	2;		2  ;	[2 ;	3 ]	;	Line2
3;		3  ;	3;		3  ;	[3 ;	4 ]	;	Line3
4;		4  ;	4;		4  ;	[4 ;	5 ]	;	Line4
5;		5  ;	5;		5  ;	[5 ;	6 ]	;	Line5
6;		6  ;	6;		6  ;	[6 ;	7 ]	;	Line6
7;		7  ;	7;		7  ;	[8 ;	9 ]	;	Line7
8;		8  ;	8;		8  ;	[9 ;	10]	;	Line8
9;		9  ;	9;		9  ;	[10;	11]	;	Line9
10;		10 ;	10;		10 ;	[11;	12]	;	Line10
11;		11 ;	11;		11 ;	[12;	13]	;	Line11
12;		12 ;	12;		12 ;	[13;	14]	;	Line12
13;		13 ;	13;		13 ;	[14;	15]	;	Line13
14;		14 ;	14;		14 ;	[15;	16]	;	Line14
15;		15 ;	15;		15 ;	[16;	17]	;	Line15
16;		16 ;	16;		16 ;	[18;	19]	;	Line16
17;		17 ;	17;		17 ;	[19;	20]	;	Line17
18;		18 ;	18;		18 ;	[20;	21]	;	Line18
19;		19 ;	19;		19 ;	[21;	22]	;	Line19
20;		20 ;	20;		20 ;	[23;	24]	;	Line20
21;		21 ;	21;		21 ;	[24;	25]	;	Line21
22;		22 ;	22;		22 ;	[25;	26]	;	Line22
23;		23 ;	23;		23 ;	[27;	28]	;	Line23
24;		24 ;	24;		24 ;	[28;	29]	;	Line24
25;		25 ;	25;		25 ;	[29;	30]	;	Line25
26;		26 ;	26;		26 ;	[30;	31]	;	Line26
27;		27 ;	27;		27 ;	[31;	32]	;	Line27
28;		28 ;	28;		28 ;	[32;	33]	;	Line28
29;		29 ;	29;		29 ;	[33;	34]	;	Line29
30;		30 ;	30;		30 ;	[34;	35]	;	Line30
31;		31 ;	31;		31 ;	[35;	36]	;	Line31
32;		32 ;	32;		32 ;	[36;	37]	;	Line32
33;		33 ;	33;		33 ;	[38;	39]	;	Line33
34;		34 ;	34;		34 ;	[39;	40]	;	Line34
35;		35 ;	35;		35 ;	[40;	41]	;	Line35
36;		36 ;	36;		36 ;	[41;	42]	;	Line36
37;		37 ;	37;		37 ;	[42;	43]	;	Line37
38;		38 ;	38;		38 ;	[43;	44]	;	Line38
39;		39 ;	39;		39 ;	[44;	45]	;	Line39
40;		40 ;	40;		40 ;	[45;	46]	;	Line40
41;		41 ;	41;		41 ;	[46;	47]	;	Line41
42;		42 ;	42;		42 ;	[47;	48]	;	Line42
43;		43 ;	43;		43 ;	[48;	49]	;	Line43
44;		44 ;	44;		44 ;	[49;	50]	;	Line44
45;		45 ;	45;		45 ;	[50;	51]	;	Line45
46;		46 ;	46;		46 ;	[51;	52]	;	Line46
47;		47 ;	47;		47 ;	[53;	54]	;	Line47
48;		48 ;	48;		48 ;	[55;	56]	;	Line48
49;		49 ;	49;		49 ;	[56;	57]	;	Line49
50;		50 ;	50;		50 ;	[57;	58]	;	Line50
51;		51 ;	51;		51 ;	[58;	59]	;	Line51
52;		52 ;	52;		52 ;	[59;	60]	;	Line52
53;		53 ;	53;		53 ;	[60;	61]	;	Line53
54;		54 ;	54;		54 ;	[61;	62]	;	Line54
55;		55 ;	55;		55 ;	[62;	63]	;	Line55
56;		56 ;	56;		56 ;	[63;	64]	;	Line56
57;		57 ;	57;		57 ;	[64;	65]	;	Line57
58;		58 ;	58;		58 ;	[65;	66]	;	Line58
59;		59 ;	59;		59 ;	[66;	67]	;	Line59
60;		60 ;	60;		60 ;	[67;	68]	;	Line60
61;		61 ;	61;		61 ;	[68;	69]	;	Line61
62;		62 ;	62;		62 ;	[69;	70]	;	Line62
63;		63 ;	63;		63 ;	[70;	71]	;	Line63
64;		64 ;	64;		64 ;	[71;	72]	;	Line64
65;		65 ;	65;		65 ;	[72;	73]	;	Line65
66;		66 ;	66;		66 ;	[73;	74]	;	Line66
67;		67 ;	67;		67 ;	[74;	75]	;	Line67
68;		68 ;	68;		68 ;	[75;	76]	;	Line68
69;		69 ;	69;		69 ;	[76;	77]	;	Line69
70;		70 ;	70;		70 ;	[77;	78]	;	Line70
71;		71 ;	71;		71 ;	[78;	79]	;	Line71
72;		72 ;	72;		72 ;	[79;	80]	;	Line72
73;		73 ;	73;		73 ;	[80;	81]	;	Line73
74;		74 ;	74;		74 ;	[81;	82]	;	Line74
75;		75 ;	75;		75 ;	[82;	83]	;	Line75
76;		76 ;	76;		76 ;	[83;	84]	;	Line76
77;		77 ;	77;		77 ;	[84;	85]	;	Line77
78;		78 ;	78;		78 ;	[85;	86]	;	Line78
79;		79 ;	79;		79 ;	[86;	87]	;	Line79
80;		80 ;	80;		80 ;	[87;	88]	;	Line80
81;		81 ;	81;		81 ;	[88;	89]	;	Line81
82;		82 ;	82;		82 ;	[89;	90]	;	Line82
83;		83 ;	83;		83 ;	[90;	91]	;	Line83
84;		84 ;	84;		84 ;	[91;	92]	;	Line84
85;		85 ;	85;		85 ;	[92;	93]	;	Line85
86;		86 ;	86;		86 ;	[93;	94]	;	Line86
87;		87 ;	87;		87 ;	[94;	95]	;	Line87
88;		88 ;	88;		88 ;	[95;	96]	;	Line88
89;		89 ;	89;		89 ;	[96;	97]	;	Line89
90;		90 ;	90;		90 ;	[97;	98]	;	Line90
91;		91 ;	91;		91 ;	[98;	99]	;	Line91
92;		92 ;	92;		92 ;	[99;	100];	Line92
93;		93 ;	93;		93 ;	[100;	101];	Line93
94;		94 ;	94;		94 ;	[101;	102];	Line94
95;		95 ;	95;		95 ;	[102;	103];	Line95
96;		96 ;	96;		96 ;	[103;	104];	Line96
97;		97 ;	97;		97 ;	[104;	105];	Line97
98;		98 ;	98;		98 ;	[105;	106];	Line98
99;		99 ;	99;		99 ;	[106;	107];	Line99
100;	100;	100;	100;	[107;	108];	Line100
101;	101;	101;	101;	[108;	109];	Line101
102;	102;	102;	102;	[109;	110];	Line102
103;	103;	103;	103;	[110;	111];	Line103
104;	104;	104;	104;	[111;	112];	Line104
105;	105;	105;	105;	[112;	113];	Line105
106;	106;	106;	106;	[114;	115];	Line106
107;	107;	107;	107;	[115;	116];	Line107
108;	108;	108;	108;	[117;	118];	Line108
109;	109;	109;	109;	[119;	120];	Line109
110;	110;	110;	110;	[120;	121];	Line110
111;	111;	111;	111;	[122;	123];	Line111
112;	112;	112;	112;	[124;	125];	Line112
113;	113;	113;	113;	[125;	126];	Line113
114;	114;	114;	114;	[126;	127];	Line114
115;	115;	115;	115;	[127;	128];	Line115
116;	116;	116;	116;	[128;	129];	Line116
117;	117;	117;	117;	[129;	130];	Line117
118;	118;	118;	118;	[130;	131];	Line118
119;	119;	119;	119;	[131;	132];	Line119
120;	120;	120;	120;	[132;	133];	Line120
121;	121;	121;	121;	[134;	135];	Line121
122;	122;	122;	122;	[136;	137];	Line122
123;	123;	123;	123;	[138;	139];	Line123
124;	124;	124;	124;	[139;	140];	Line124
125;	125;	125;	125;	[140;	141];	Line125
126;	126;	126;	126;	[141;	142];	Line126
127;	127;	127;	127;	[142;	143];	Line127
128;	128;	128;	128;	[143;	144];	Line128
129;	129;	129;	129;	[144;	145];	Line129
130;	130;	130;	130;	[145;	146];	Line130
131;	131;	131;	131;	[146;	147];	Line131
132;	132;	132;	132;	[147;	148];	Line132
133;	133;	133;	133;	[148;	149];	Line133
134;	134;	134;	134;	[149;	150];	Line134
135;	135;	135;	135;	[150;	151];	Line135
136;	136;	136;	136;	[151;	152];	Line136
137;	137;	137;	137;	[152;	153];	Line137
138;	138;	138;	138;	[153;	154];	Line138
139;	139;	139;	139;	[154;	155];	Line139
140;	140;	140;	140;	[155;	156];	Line140
141;	141;	141;	141;	[156;	157];	Line141
142;	142;	142;	142;	[157;	158];	Line142
143;	143;	143;	143;	[158;	159];	Line143
144;	144;	144;	144;	[159;	160];	Line144
145;	145;	145;	145;	[161;	162];	Line145
146;	146;	146;	146;	[162;	163];	Line146
147;	147;	147;	147;	[164;	165];	Line147
148;	148;	148;	148;	[165;	166];	Line148
149;	149;	149;	149;	[166;	167];	Line149
150;	150;	150;	150;	[168;	169];	Line150
151;	151;	151;	151;	[170;	171];	Line151
152;	152;	152;	152;	[171;	172];	Line152
153;	153;	153;	153;	[172;	173];	Line153
154;	154;	154;	154;	[173;	174];	Line154
155;	155;	155;	155;	[174;	175];	Line155
156;	156;	156;	156;	[175;	176];	Line156
157;	157;	157;	157;	[176;	177];	Line157
158;	158;	158;	158;	[177;	178];	Line158
159;	159;	159;	159;	[178;	179];	Line159
160;	160;	160;	160;	[179;	180];	Line160
161;	161;	161;	161;	[180;	181];	Line161
162;	162;	162;	162;	[181;	182];	Line162
163;	163;	163;	163;	[182;	183];	Line163
164;	164;	164;	164;	[183;	184];	Line164
165;	165;	165;	165;	[184;	185];	Line165
166;	166;	166;	166;	[185;	186];	Line166
167;	167;	167;	167;	[187;	188];	Line167
168;	168;	168;	168;	[188;	189];	Line168
169;	169;	169;	169;	[189;	190];	Line169
170;	170;	170;	170;	[190;	191];	Line170
171;	171;	171;	171;	[191;	192];	Line171
172;	172;	172;	172;	[192;	193];	Line172
173;	173;	173;	173;	[193;	194];	Line173
174;	174;	174;	174;	[194;	195];	Line174
175;	175;	175;	175;	[195;	196];	Line175
176;	176;	176;	176;	[196;	197];	Line176
177;	177;	177;	177;	[197;	198];	Line177
178;	178;	178;	178;	[198;	199];	Line178
179;	179;	179;	179;	[199;	200];	Line179
180;	180;	180;	180;	[200;	201];	Line180
181;	181;	181;	181;	[201;	202];	Line181
182;	182;	182;	182;	[202;	203];	Line182
183;	183;	183;	183;	[203;	204];	Line183
184;	184;	184;	184;	[205;	206];	Line184
185;	185;	185;	185;	[206;	207];	Line185
186;	186;	186;	186;	[207;	208];	Line186
187;	187;	187;	187;	[208;	209];	Line187
188;	188;	188;	188;	[209;	210];	Line188
189;	189;	189;	189;	[210;	211];	Line189
190;	190;	190;	190;	[211;	212];	Line190
191;	191;	191;	191;	[212;	213];	Line191
192;	192;	192;	192;	[213;	214];	Line192
193;	193;	193;	193;	[215;	216];	Line193
194;	194;	194;	194;	[216;	217];	Line194
195;	195;	195;	195;	[217;	218];	Line195
196;	196;	196;	196;	[219;	220];	Line196
197;	197;	197;	197;	[220;	221];	Line197
198;	198;	198;	198;	[221;	222];	Line198
199;	199;	199;	199;	[222;	223];	Line199
200;	200;	200;	200;	[223;	224];	Line200
201;	201;	201;	201;	[224;	225];	Line201
202;	202;	202;	202;	[225;	226];	Line202
203;	203;	203;	203;	[226;	227];	Line203
204;	204;	204;	204;	[227;	228];	Line204
205;	205;	205;	205;	[228;	229];	Line205
206;	206;	206;	206;	[229;	230];	Line206
207;	207;	207;	207;	[230;	231];	Line207
208;	208;	208;	208;	[231;	232];	Line208
209;	209;	209;	209;	[232;	233];	Line209
210;	210;	210;	210;	[234;	235];	Line210
211;	211;	211;	211;	[236;	237];	Line211
212;	212;	212;	212;	[237;	238];	Line212
213;	213;	213;	213;	[239;	240];	Line213
214;	214;	214;	214;	[241;	242];	Line214
215;	215;	215;	215;	[242;	243];	Line215
216;	216;	216;	216;	[243;	244];	Line216
217;	217;	217;	217;	[244;	245];	Line217
218;	218;	218;	218;	[245;	246];	Line218
219;	219;	219;	219;	[247;	248];	Line219
220;	220;	220;	220;	[248;	249];	Line220
221;	221;	221;	221;	[249;	250];	Line221
222;	222;	222;	222;	[250;	251];	Line222
223;	223;	223;	223;	[251;	252];	Line223
224;	224;	224;	224;	[252;	253];	Line224
225;	225;	225;	225;	[253;	254];	Line225
226;	226;	226;	226;	[254;	255];	Line226
227;	227;	227;	227;	[255;	256];	Line227
228;	228;	228;	228;	[256;	257];	Line228
229;	229;	229;	229;	[257;	258];	Line229
230;	230;	230;	230;	[259;	260];	Line230
231;	231;	231;	231;	[260;	261];	Line231
232;	232;	232;	232;	[261;	262];	Line232
233;	233;	233;	233;	[262;	263];	Line233
234;	234;	234;	234;	[263;	264];	Line234
235;	235;	235;	235;	[265;	266];	Line235
236;	236;	236;	236;	[267;	268];	Line236
237;	237;	237;	237;	[268;	269];	Line237
238;	238;	238;	238;	[269;	270];	Line238
239;	239;	239;	239;	[270;	271];	Line239
240;	240;	240;	240;	[272;	273];	Line240
241;	241;	241;	241;	[274;	275];	Line241
242;	242;	242;	242;	[276;	277];	Line242
243;	243;	243;	243;	[278;	279];	Line243
244;	244;	244;	244;	[280;	281];	Line244
245;	245;	245;	245;	[281;	282];	Line245
246;	246;	246;	246;	[282;	283];	Line246
247;	247;	247;	247;	[283;	284];	Line247
248;	248;	248;	248;	[284;	285];	Line248
249;	249;	249;	249;	[285;	286];	Line249
250;	250;	250;	250;	[286;	287];	Line250
251;	251;	251;	251;	[287;	288];	Line251
252;	252;	252;	252;	[288;	289];	Line252
253;	253;	253;	253;	[289;	290];	Line253
254;	254;	254;	254;	[290;	291];	Line254
255;	255;	255;	255;	[291;	292];	Line255
256;	256;	256;	256;	[292;	293];	Line256
257;	257;	257;	257;	[293;	294];	Line257
258;	258;	258;	258;	[294;	295];	Line258
259;	259;	259;	259;	[296;	297];	Line259
260;	260;	260;	260;	[298;	299];	Line260
261;	261;	261;	261;	[300;	301];	Line261
262;	262;	262;	262;	[301;	302];	Line262
263;	263;	263;	263;	[302;	303];	Line263
264;	264;	264;	264;	[303;	304];	Line264
265;	265;	265;	265;	[304;	305];	Line265
266;	266;	266;	266;	[305;	306];	Line266
267;	267;	267;	267;	[306;	307];	Line267
268;	268;	268;	268;	[307;	308];	Line268
269;	269;	269;	269;	[308;	309];	Line269
270;	270;	270;	270;	[309;	310];	Line270
271;	271;	271;	271;	[310;	311];	Line271
272;	272;	272;	272;	[311;	312];	Line272
273;	273;	273;	273;	[312;	313];	Line273
274;	274;	274;	274;	[314;	315];	Line274
275;	275;	275;	275;	[315;	316];	Line275
276;	276;	276;	276;	[316;	317];	Line276
277;	277;	277;	277;	[317;	318];	Line277
278;	278;	278;	278;	[318;	319];	Line278
279;	279;	279;	279;	[319;	320];	Line279
280;	280;	280;	280;	[320;	321];	Line280
281;	281;	281;	281;	[321;	322];	Line281
282;	282;	282;	282;	[323;	324];	Line282
283;	283;	283;	283;	[324;	325];	Line283
284;	284;	284;	284;	[326;	327];	Line284
285;	285;	285;	285;	[328;	329];	Line285
286;	286;	286;	286;	[330;	331];	Line286
287;	287;	287;	287;	[332;	333];	Line287
288;	288;	288;	288;	[334;	335];	Line288
289;	289;	289;	289;	[336;	337];	Line289
290;	290;	290;	290;	[338;	339];	Line290
291;	291;	291;	291;	[340;	341];	Line291
292;	292;	292;	292;	[342;	343];	Line292
293;	293;	293;	293;	[344;	345];	Line293
294;	294;	294;	294;	[346;	347];	Line294
295;	295;	295;	295;	[348;	349];	Line295
296;	296;	296;	296;	[350;	351];	Line296



ProcessPrecedence:
#+-------------------------+----------------------+
#| Predecessor (ProcessID) | Successor(ProcessID) |
#+-------------------------+----------------------+
#|          <int>          |         <int>        |
#+-------------------------+----------------------+

MotionPrecedence:
#+-----------------------+----------------------+
#| Predecessor(MotionID) | Successor (MotionID) |
#+-----------------------+----------------------+
#|         <int>         |       <int>          |
#+-----------------------+----------------------+

OverrideCost:
#+-----------------+---------------+----------+-----------------------+
#| From (ConfigID) | To (ConfigID) |   Cost   |Bidirectional[optional]|
#+-----------------+---------------+----------+-----------------------+
#|      <int>      |     <int>     | <double> |        <bool>         |
#+-----------------+---------------+----------+-----------------------+