0;Init;[0,0000; 0,0000]
0,192964245392767
23500;black_235_Start_g0;[0,1856; 0,0528]
0,1258602399489211
21900;black_219_End_g0;[0,0660; 0,0920]
0,12910189773973116
23600;gray_236_Start_g0;[0,1913; 0,1231]
0,07347720735030694
22200;gray_222_End_g0;[0,1180; 0,1180]
0,0390564975388219
23400;white_234_Start_g0;[0,1534; 0,1345]
0,1324832442235621
22400;white_224_End_g0;[0,0400; 0,0660]
0,07955331545573699
23000;gray_230_Start_g0;[0,1173; 0,0848]
0,026304562341920842
22000;gray_220_End_g0;[0,0920; 0,0920]
0,22095893283594578
22900;black_229_Start_g0;[0,3054; 0,1493]
0,2534783028189987
21700;black_217_End_g0;[0,0660; 0,0660]
0,262020247309249
23100;white_231_Start_g0;[0,3270; 0,0891]
0,18302297669964832
22300;white_223_End_g0;[0,1440; 0,0920]
0,14032793734677354
23300;gray_233_Start_g0;[0,2843; 0,0948]
0,14220523900335036
22100;gray_221_End_g0;[0,1440; 0,1180]
0,16253618058758487
23200;black_232_Start_g0;[0,2964; 0,1745]
0,21206510792678743
21800;black_218_End_g0;[0,0920; 0,1180]
0,03921033027149862
23700;white_237_Start_g0;[0,1217; 0,1436]
0,13193881157566942
22500;white_225_End_g0;[0,0400; 0,0400]
2147483647
22600;black_226_Start_g0;[0,2525; 0,0149]
2147483647
22700;gray_227_Start_g0;[0,2130; 0,0863]
2147483647
22800;white_228_Start_g0;[0,0686; 0,1333]

#Solution params: 
#Length: 6442450943,5466
#Number of items: 22
#RunTime: 00:00:00.01

#Task params: 
#TaskType: Point_Like
#Dimension: 2
#DistanceFunction: Euclidian_Distance
#CyclicSequence: False
#StartDepot: 0
#FinishDepot: 
#WeightMultiplier: Auto
#TimeLimit: 30
#PositionPrecedences: 
#DisjointSets: 
