0;Init;[0,0000; 0,0000]
0,07147167271024235
7200;black_72_Start_g0;[0,0454; 0,0552]
0,023259406699226017
6000;black_60_End_g0;[0,0660; 0,0660]
0,20699374386681352
7800;black_78_Start_g0;[0,2464; 0,1675]
0,19556178051960973
6200;black_62_End_g0;[0,0660; 0,0920]
0,09955912816010394
7900;gray_79_Start_g0;[0,0359; 0,1869]
0,10718031535687884
6500;gray_65_End_g0;[0,1180; 0,1180]
0,1305181213471907
7400;white_74_Start_g0;[0,2003; 0,2193]
0,1391940372286112
6600;white_66_End_g0;[0,1440; 0,0920]
0,17278344828136752
7700;white_77_Start_g0;[0,3144; 0,1206]
0,2797794131096854
6700;white_67_End_g0;[0,0400; 0,0660]
0,0832959182673437
7600;gray_76_Start_g0;[0,0590; 0,1471]
0,08984325238992631
6400;gray_64_End_g0;[0,1440; 0,1180]
0,09011797822854219
7500;black_75_Start_g0;[0,1995; 0,1890]
0,12883031475549536
6100;black_61_End_g0;[0,0920; 0,1180]
0,03153918198051434
7300;gray_73_Start_g0;[0,1004; 0,1484]
0,05702210097848027
6300;gray_63_End_g0;[0,0920; 0,0920]
0,25861409474350006
8000;white_80_Start_g0;[0,3437; 0,1514]
0,32348670760944725
6800;white_68_End_g0;[0,0400; 0,0400]
2147483647
6900;black_69_Start_g0;[0,0205; 0,0480]
2147483647
7000;gray_70_Start_g0;[0,3241; 0,0882]
2147483647
7100;white_71_Start_g0;[0,2975; 0,1647]

#Solution params: 
#Length: 6442450943,4890
#Number of items: 22
#RunTime: 00:00:00.02

#Task params: 
#TaskType: Point_Like
#Dimension: 2
#DistanceFunction: Euclidian_Distance
#CyclicSequence: False
#StartDepot: 0
#FinishDepot: 
#WeightMultiplier: Auto
#TimeLimit: 30
#PositionPrecedences: 
#DisjointSets: 
