0;Init;[0,0000; 0,0000]
0,14778663674365147
5900;gray_59_Start_g0;[0,1475; 0,0092]
0,08196029526545154
4900;gray_49_End_g0;[0,0770; 0,0510]
0,19243788608275658
6100;black_61_Start_g0;[0,2495; 0,1363]
0,2071683856190418
4700;black_47_End_g0;[0,0510; 0,0770]
0,03796379854545643
6500;gray_65_Start_g0;[0,0664; 0,1117]
0,07347414511241351
5100;gray_51_End_g0;[0,0250; 0,0510]
0,22436026831861297
6400;black_64_Start_g0;[0,2487; 0,0338]
0,22783311875142298
4800;black_48_End_g0;[0,0250; 0,0770]
0,13611002902064198
5800;black_58_Start_g0;[0,0937; 0,1945]
0,11868083248781162
4600;black_46_End_g0;[0,0770; 0,0770]
0,0513688621637661
6300;white_63_Start_g0;[0,1194; 0,1060]
0,106016791122916
5300;white_53_End_g0;[0,0510; 0,0250]
0,23512994279759433
6000;white_60_Start_g0;[0,2855; 0,0078]
0,20920824553539943
5200;white_52_End_g0;[0,0770; 0,0250]
0,24378574609685447
6200;gray_62_Start_g0;[0,3205; 0,0132]
0,2721379980818555
5000;gray_50_End_g0;[0,0510; 0,0510]
0,041152642685494706
6600;white_66_Start_g0;[0,0887; 0,0675]
0,07657636711153122
5400;white_54_End_g0;[0,0250; 0,0250]
2147483647
5500;black_55_Start_g0;[0,0285; 0,2128]
2147483647
5600;gray_56_Start_g0;[0,0996; 0,1634]
2147483647
5700;white_57_Start_g0;[0,2843; 0,2084]

#Solution params: 
#Length: 6442450943,6832
#Number of items: 22
#RunTime: 00:00:00.01

#Task params: 
#TaskType: Point_Like
#Dimension: 2
#DistanceFunction: Euclidian_Distance
#CyclicSequence: False
#StartDepot: 0
#FinishDepot: 
#WeightMultiplier: Auto
#TimeLimit: 30
#PositionPrecedences: 
#DisjointSets: 
