0;Init;[0,0000; 0,0000]
0,18732325002519043
27800;gray_278_Start_g0;[0,1870; 0,0110]
0,12484390253432484
4000;gray_40_End_g0;[0,0920; 0,0920]
0,02533337719294449
27500;gray_275_Start_g0;[0,1173; 0,0907]
0,03818612313393439
4100;gray_41_End_g0;[0,1440; 0,1180]
0,15903836015251166
27300;black_273_Start_g0;[0,2902; 0,1806]
0,24107177354472673
3900;black_39_End_g0;[0,0660; 0,0920]
0,01895257238477141
27200;gray_272_Start_g0;[0,0636; 0,1108]
0,05487440204685605
4200;gray_42_End_g0;[0,1180; 0,1180]
0,21656153859815463
27900;black_279_Start_g0;[0,3209; 0,1937]
0,28509875482015
3700;black_37_End_g0;[0,0660; 0,0660]
0,2832968231378531
27600;black_276_Start_g0;[0,3457; 0,0210]
0,27161128474347307
3800;black_38_End_g0;[0,0920; 0,1180]
0,08272248787361271
27700;white_277_Start_g0;[0,0875; 0,2006]
0,12241817675492475
4300;white_43_End_g0;[0,1440; 0,0920]
0,15642122618110368
27400;white_274_Start_g0;[0,2986; 0,1158]
0,26335147616825694
4400;white_44_End_g0;[0,0400; 0,0660]
0,09801326440844628
27100;white_271_Start_g0;[0,0274; 0,1632]
0,12384264209067894
4500;white_45_End_g0;[0,0400; 0,0400]
2147483647
28200;black_282_Start_g0;[0,1438; 0,0055]
2147483647
28100;gray_281_Start_g0;[0,3398; 0,1530]
2147483647
28000;white_280_Start_g0;[0,0267; 0,0206]

#Solution params: 
#Length: 6442450943,7530
#Number of items: 22
#RunTime: 00:00:00.02

#Task params: 
#TaskType: Point_Like
#Dimension: 2
#DistanceFunction: Euclidian_Distance
#CyclicSequence: False
#StartDepot: 0
#FinishDepot: 
#WeightMultiplier: Auto
#TimeLimit: 30
#PositionPrecedences: 
#DisjointSets: 
