0;Init;[0,0000; 0,0000]
0,2902862208235175
13600;white_136_Start_g0;[0,2828; 0,0655]
0,20974720498733707
8700;white_87_End_g0;[0,0770; 0,0250]
0,25105356002255774
13100;gray_131_Start_g0;[0,3153; 0,1040]
0,2950984412022537
8600;gray_86_End_g0;[0,0250; 0,0510]
0,24569039460263808
13200;black_132_Start_g0;[0,2466; 0,1571]
0,2356322770759558
8300;black_83_End_g0;[0,0250; 0,0770]
0,09394434522630939
13800;black_138_Start_g0;[0,0075; 0,1693]
0,11554020945108245
8100;black_81_End_g0;[0,0770; 0,0770]
0,2001200639616128
13500;black_135_Start_g0;[0,2740; 0,1122]
0,22576102409406282
8200;black_82_End_g0;[0,0510; 0,0770]
0,13071147616028211
13700;gray_137_Start_g0;[0,1640; 0,1427]
0,1264036787439353
8400;gray_84_End_g0;[0,0770; 0,0510]
0,1093049404189948
13400;gray_134_Start_g0;[0,1859; 0,0604]
0,13522710527109572
8500;gray_85_End_g0;[0,0510; 0,0510]
0,2818844621471712
13300;white_133_Start_g0;[0,3092; 0,1641]
0,2932849297185247
8800;white_88_End_g0;[0,0510; 0,0250]
0,023681427321848653
13000;white_130_Start_g0;[0,0701; 0,0390]
0,047222981693239144
8900;white_89_End_g0;[0,0250; 0,0250]
2147483647
14100;black_141_Start_g0;[0,1799; 0,2137]
2147483647
14000;gray_140_Start_g0;[0,3280; 0,2052]
2147483647
13900;white_139_Start_g0;[0,2108; 0,1098]

#Solution params: 
#Length: 6442450944,3106
#Number of items: 22
#RunTime: 00:00:00.01

#Task params: 
#TaskType: Point_Like
#Dimension: 2
#DistanceFunction: Euclidian_Distance
#CyclicSequence: False
#StartDepot: 0
#FinishDepot: 
#WeightMultiplier: Auto
#TimeLimit: 30
#PositionPrecedences: 
#DisjointSets: 
