0;Init;[0,0000; 0,0000]
0,11304658331855943
10600;gray_106_Start_g0;[0,0688; 0,0897]
0,08034880210681425
9400;gray_94_End_g0;[0,1440; 0,1180]
0,06055947489864818
10200;black_102_Start_g0;[0,1496; 0,1783]
0,14000089285429573
9000;black_90_End_g0;[0,0660; 0,0660]
0,06454339625399333
10900;gray_109_Start_g0;[0,0028; 0,0791]
0,12159050127374259
9500;gray_95_End_g0;[0,1180; 0,1180]
0,14485779233441326
10700;white_107_Start_g0;[0,2623; 0,1307]
0,23152403762892523
9700;white_97_End_g0;[0,0400; 0,0660]
0,15173084722626443
10500;black_105_Start_g0;[0,0036; 0,2133]
0,12998711474603936
9100;black_91_End_g0;[0,0920; 0,1180]
0,18146277855251747
10800;black_108_Start_g0;[0,2463; 0,2135]
0,21741743260373578
9200;black_92_End_g0;[0,0660; 0,0920]
0,22628577065295116
11000;white_110_Start_g0;[0,2746; 0,0043]
0,23730075853228957
9800;white_98_End_g0;[0,0400; 0,0400]
0,03686312520663434
10400;white_104_Start_g0;[0,0217; 0,0080]
0,14836876355891088
9600;white_96_End_g0;[0,1440; 0,0920]
0,16876599183484808
10300;gray_103_Start_g0;[0,2926; 0,1720]
0,215963793261741
9300;gray_93_End_g0;[0,0920; 0,0920]
2147483647
9900;black_99_Start_g0;[0,0289; 0,2194]
2147483647
10000;gray_100_Start_g0;[0,1123; 0,0322]
2147483647
10100;white_101_Start_g0;[0,3235; 0,1534]

#Solution params: 
#Length: 6442450943,6706
#Number of items: 22
#RunTime: 00:00:00.02

#Task params: 
#TaskType: Point_Like
#Dimension: 2
#DistanceFunction: Euclidian_Distance
#CyclicSequence: False
#StartDepot: 0
#FinishDepot: 
#WeightMultiplier: Auto
#TimeLimit: 30
#PositionPrecedences: 
#DisjointSets: 
