0;Init;[0,0000; 0,0000]
0,21374276595945885
14200;black_142_Start_g0;[0,2134; 0,0121]
0,16109863438279048
12800;black_128_End_g0;[0,0920; 0,1180]
0,11145855732064723
14400;white_144_Start_g0;[0,2030; 0,1281]
0,1744288106936466
13400;white_134_End_g0;[0,0400; 0,0660]
0,12801890485393164
14500;black_145_Start_g0;[0,0378; 0,1940]
0,10582646171917495
12900;black_129_End_g0;[0,0660; 0,0920]
0,1844823297771361
14100;white_141_Start_g0;[0,2458; 0,1333]
0,10985868195095007
13300;white_133_End_g0;[0,1440; 0,0920]
0,17060729761648533
14300;gray_143_Start_g0;[0,3006; 0,0243]
0,18249178063682756
13100;gray_131_End_g0;[0,1440; 0,1180]
0,030132540550043253
14600;gray_146_Start_g0;[0,1741; 0,1194]
0,05611746608677196
13200;gray_132_End_g0;[0,1180; 0,1180]
0,0741086364737606
13900;black_139_Start_g0;[0,1680; 0,1727]
0,14761060260021974
12700;black_127_End_g0;[0,0660; 0,0660]
0,17309147870418115
14000;gray_140_Start_g0;[0,2381; 0,0475]
0,15272674945797807
13000;gray_130_End_g0;[0,0920; 0,0920]
0,042081112152603566
14700;white_147_Start_g0;[0,1339; 0,0881]
0,10550270138721565
13500;white_135_End_g0;[0,0400; 0,0400]
2147483647
13600;black_136_Start_g0;[0,2826; 0,1973]
2147483647
13700;gray_137_Start_g0;[0,2578; 0,1936]
2147483647
13800;white_138_Start_g0;[0,3248; 0,1561]

#Solution params: 
#Length: 6442450943,3234
#Number of items: 22
#RunTime: 00:00:00.02

#Task params: 
#TaskType: Point_Like
#Dimension: 2
#DistanceFunction: Euclidian_Distance
#CyclicSequence: False
#StartDepot: 0
#FinishDepot: 
#WeightMultiplier: Auto
#TimeLimit: 30
#PositionPrecedences: 
#DisjointSets: 
