0;Init;[0,0000; 0,0000]
0,2853101645578019
14000;white_140_Start_g0;[0,2850; 0,0133]
0,23429231741565917
13000;white_130_End_g0;[0,0510; 0,0250]
0,05409223604178331
14100;black_141_Start_g0;[0,0981; 0,0516]
0,07738714363510259
12500;black_125_End_g0;[0,0250; 0,0770]
0,054918120870983925
13800;black_138_Start_g0;[0,0622; 0,1174]
0,041923740291152464
12400;black_124_End_g0;[0,0510; 0,0770]
0,18463046877479353
13900;gray_139_Start_g0;[0,1806; 0,2085]
0,20396668845671836
12700;gray_127_End_g0;[0,0510; 0,0510]
0,1456815705571573
13600;gray_136_Start_g0;[0,1524; 0,1556]
0,1289430882211218
12600;gray_126_End_g0;[0,0770; 0,0510]
0,16741591919527846
13700;white_137_Start_g0;[0,2442; 0,0425]
0,16811332487343175
12900;white_129_End_g0;[0,0770; 0,0250]
0,23358531631932686
13500;black_135_Start_g0;[0,3091; 0,0513]
0,23351852174934645
12300;black_123_End_g0;[0,0770; 0,0770]
0,05408974024711156
1800;gray_18_Start_g0;[0,1171; 0,1133]
0,11119217598374447
12800;gray_128_End_g0;[0,0250; 0,0510]
0,11186465035926231
1200;white_12_Start_g0;[0,0089; 0,1617]
0,13764483281256876
13100;white_131_End_g0;[0,0250; 0,0250]
2147483647
13200;black_132_Start_g0;[0,0914; 0,1477]
2147483647
13300;gray_133_Start_g0;[0,1426; 0,0520]
2147483647
13400;white_134_Start_g0;[0,3134; 0,1230]

#Solution params: 
#Length: 6442450943,6286
#Number of items: 22
#RunTime: 00:00:00.02

#Task params: 
#TaskType: Point_Like
#Dimension: 2
#DistanceFunction: Euclidian_Distance
#CyclicSequence: False
#StartDepot: 0
#FinishDepot: 
#WeightMultiplier: Auto
#TimeLimit: 30
#PositionPrecedences: 
#DisjointSets: 
