0;Init;[0,0000; 0,0000]
0,13132219918962673
21000;white_210_Start_g0;[0,1286; 0,0266]
0,05162480024174427
20200;white_202_End_g0;[0,0770; 0,0250]
0,2878251726308872
21100;black_211_Start_g0;[0,3477; 0,1228]
0,30021414023992943
19700;black_197_End_g0;[0,0510; 0,0770]
0,13990353819685905
21400;black_214_Start_g0;[0,1154; 0,2012]
0,15361575440038694
19800;black_198_End_g0;[0,0250; 0,0770]
0,11136184265716871
21200;gray_212_Start_g0;[0,0661; 0,1805]
0,13037737533790134
20000;gray_200_End_g0;[0,0510; 0,0510]
0,23245442564081245
21500;gray_215_Start_g0;[0,2525; 0,1669]
0,25532148362407736
20100;gray_201_End_g0;[0,0250; 0,0510]
0,1689492527358437
20900;gray_209_Start_g0;[0,1706; 0,1367]
0,1269072495959155
19900;gray_199_End_g0;[0,0770; 0,0510]
0,06572929331736345
21300;white_213_Start_g0;[0,1367; 0,0785]
0,10102841184538139
20300;white_203_End_g0;[0,0510; 0,0250]
0,2184154756421806
20800;black_208_Start_g0;[0,2694; 0,0276]
0,19864068062710616
19600;black_196_End_g0;[0,0770; 0,0770]
0,2760300889395937
21600;white_216_Start_g0;[0,3160; 0,2151]
0,34759029042825695
20400;white_204_End_g0;[0,0250; 0,0250]
2147483647
20500;black_205_Start_g0;[0,3420; 0,1778]
2147483647
20600;gray_206_Start_g0;[0,0010; 0,1942]
2147483647
20700;white_207_Start_g0;[0,0150; 0,0172]

#Solution params: 
#Length: 6442450944,2973
#Number of items: 22
#RunTime: 00:00:00.02

#Task params: 
#TaskType: Point_Like
#Dimension: 2
#DistanceFunction: Euclidian_Distance
#CyclicSequence: False
#StartDepot: 0
#FinishDepot: 
#WeightMultiplier: Auto
#TimeLimit: 30
#PositionPrecedences: 
#DisjointSets: 
