0;Init;[0,0000; 0,0000]
0,32907294024273703
200;gray_2_Start_g0;[0,3288; 0,0134]
0,30611795112341905
1600;gray_16_End_g0;[0,0250; 0,0510]
0,27666824899145903
600;black_6_Start_g0;[0,2984; 0,0934]
0,24794297731534967
2000;black_20_End_g0;[0,0510; 0,0770]
0,23208164511654086
900;black_9_Start_g0;[0,2780; 0,1253]
0,20672176953576998
2100;black_21_End_g0;[0,0770; 0,0770]
0,2716303738538825
800;gray_8_Start_g0;[0,3429; 0,1325]
0,27810979846096756
1800;gray_18_End_g0;[0,0770; 0,0510]
0,24751500964587983
700;white_7_Start_g0;[0,3238; 0,0698]
0,25083317165000324
1500;white_15_End_g0;[0,0770; 0,0250]
0,1165139047496049
400;white_4_Start_g0;[0,1935; 0,0268]
0,14251136796761166
1400;white_14_End_g0;[0,0510; 0,0250]
0,06876074461493273
500;gray_5_Start_g0;[0,1190; 0,0352]
0,06981146037721887
1700;gray_17_End_g0;[0,0510; 0,0510]
0,2390495555319022
300;black_3_Start_g0;[0,2895; 0,0348]
0,2678452724988813
1900;black_19_End_g0;[0,0250; 0,0770]
0,2927691923683228
100;white_1_Start_g0;[0,3054; 0,1612]
0,31172840743185404
1300;white_13_End_g0;[0,0250; 0,0250]
2147483647
1200;black_12_Start_g0;[0,1039; 0,1128]
2147483647
1100;gray_11_Start_g0;[0,0081; 0,1367]
2147483647
1000;white_10_Start_g0;[0,1586; 0,0499]

#Solution params: 
#Length: 6442450945,1557
#Number of items: 22
#RunTime: 00:00:00.01

#Task params: 
#TaskType: Point_Like
#Dimension: 2
#DistanceFunction: Euclidian_Distance
#CyclicSequence: False
#StartDepot: 0
#FinishDepot: 
#WeightMultiplier: Auto
#TimeLimit: 30
#PositionPrecedences: 
#DisjointSets: 
