0;Init;[0,0000; 0,0000]
0,19704905480615734
14700;black_147_Start_g0;[0,0328; 0,1943]
0,09657292581256924
16100;black_161_End_g0;[0,0920; 0,1180]
0,10293852534401296
14400;black_144_Start_g0;[0,1505; 0,2027]
0,13926499919218754
16000;black_160_End_g0;[0,0660; 0,0920]
0,08148993802918249
14900;gray_149_Start_g0;[0,0130; 0,1539]
0,10036239335528024
15900;gray_159_End_g0;[0,0920; 0,0920]
0,17443190648502352
14200;white_142_Start_g0;[0,2613; 0,0500]
0,22152582242257896
15400;white_154_End_g0;[0,0400; 0,0400]
0,14755083869636254
15000;black_150_Start_g0;[0,1873; 0,0314]
0,12613821784058946
16200;black_162_End_g0;[0,0660; 0,0660]
0,15817363876449198
14800;white_148_Start_g0;[0,2239; 0,0753]
0,08162658880536415
15600;white_156_End_g0;[0,1440; 0,0920]
0,1863129088388671
14600;gray_146_Start_g0;[0,3297; 0,0769]
0,19019384848096427
15800;gray_158_End_g0;[0,1440; 0,1180]
0,07059950424755121
14300;gray_143_Start_g0;[0,2142; 0,1105]
0,09649191675990275
15700;gray_157_End_g0;[0,1180; 0,1180]
0,20899425829433685
14500;white_145_Start_g0;[0,3238; 0,1544]
0,29724905382523925
15500;white_155_End_g0;[0,0400; 0,0660]
2147483647
15300;black_153_Start_g0;[0,2283; 0,0497]
2147483647
15200;gray_152_Start_g0;[0,2920; 0,0789]
2147483647
15100;white_151_Start_g0;[0,1266; 0,1630]

#Solution params: 
#Length: 6442450943,6770
#Number of items: 22
#RunTime: 00:00:00.01

#Task params: 
#TaskType: Point_Like
#Dimension: 2
#DistanceFunction: Euclidian_Distance
#CyclicSequence: False
#StartDepot: 0
#FinishDepot: 
#WeightMultiplier: Auto
#TimeLimit: 30
#PositionPrecedences: 
#DisjointSets: 
